628797 586274853
907376 534272737
1520600 820852554
2460481 137055224
3557140 926077132
3742756 550405968
4450614 432503625
6872091 121056849
8678598 979775431
22277699 197589218
22733396 414037756
25433467 912981660
29720962 742458933
30626852 142388056
32960757 713623745
33192166 36418922
36399587 232217110
36821436 99880131
37028589 2932268
37189663 983830889
39063302 554387573
40140950 758317775
40284826 609704971
40695912 372388761
42018249 264531430
44224571 45984707
45644405 286814628
45679213 871832684
45975021 491958584
47869772 826830729
52880939 905519188
54348997 763025798
55710991 993676025
56540863 479126558
57688399 53780390
58227814 138035425
63623252 16606999
64482031 417720123
64571911 674336417
65118180 991053024
68126566 980351261
69079622 380020768
69861552 75489905
70538570 336464063
71529609 754762984
71660211 447802082
72016644 34918721
72291041 312743657
72615319 416015633
74122987 496304480
74878798 709379244
80977797 282163753
81800151 11544127
84076994 84642142
84157219 726918763
87505725 475383652
92377147 537973198
92759657 731389249
94558920 67239440
94713666 5658738
95722794 101785506
96821956 79950416
98997343 437128656
100493119 766315206
101738379 172481961
105640319 675332205
106396077 829507925
106504555 606634637
109943455 118686027
114584988 935779990
116912635 863336600
120054080 881091836
120331393 362922280
120869159 265173476
123298718 883626400
124038187 296149444
124047088 865923153
124984118 955004810
125342573 142772015
126343597 181448246
127792402 323236608
128393359 833586319
128441668 291010613
130705209 307924293
132296010 646427197
132598609 644262718
136218681 107716065
137740931 610396201
137885319 889641670
138837193 62423881
139293587 350124673
141698175 109329543
142545052 218681990
142749328 602873489
143792272 933184926
146980483 807674042
150610657 223054158
152364975 997610795
154464459 569394962
156166551 466189217
157025780 418449449
157668584 792820905
159904899 43034049
161158177 401563744
164518995 837646703
169458017 257954728
171226492 968525836
173911006 197017469
176038960 319257179
176922264 415106794
181104786 843793697
184894313 109864576
185063717 809553957
193707668 852528996
194706261 742295102
197663035 758389108
198141687 385402194
201590040 542074155
205979350 102845657
206030009 742740442
206729542 913996788
211288180 225339806
212113390 524632016
212461424 366809979
213023373 941851612
213401748 217452166
215642420 377848865
218154907 326874798
219025512 374792420
219216851 797100433
220490662 652132805
222005610 862154203
224472938 380862959
227258621 309701975
232468115 295035913
233457519 611757700
237059409 6430345
237728714 979874550
239568676 46366248
239931350 53708699
243029009 269105263
247632283 925434267
257676029 79465176
262732551 519589619
265534824 372751696
265673546 349747281
268990859 441790818
269122991 549532349
269781407 878111826
269813980 71061168
270900300 111128098
271904181 26921062
272205233 675265372
272523379 865278643
272778071 23935660
280018262 775259008
286008857 489519069
288947454 355478539
290561956 598233461
291138450 989143056
293320477 7765199
296324761 315663928
301402714 554452697
303543285 23807495
304237756 123624336
304246198 307269473
304670033 988213377
306722149 911367215
309684734 518430851
311611407 279238929
311829235 928837178
313462594 632454374
315323761 359224151
316713040 6409833
327120463 355468515
329869344 672986372
331255939 30145870
332559707 256108816
332834306 898747348
332996014 466482482
334447423 183486722
337223973 306931550
341075091 409606481
341440889 345392005
341953247 541966151
345892130 265827156
347921723 69894521
356367878 786681465
360552379 397943791
361387854 53764397
362102855 686990159
367942430 370096025
369251862 794610603
371989029 694697180
372274546 198414105
372869647 255836955
373182239 421624827
374484814 621486839
375484068 453759184
375731192 312204958
375773312 959994321
376785036 215887664
378708023 304384807
378994042 729319889
379992471 710055691
381391516 624091794
382802387 691673669
387257323 43669414
389668580 482167551
393526322 656796160
393601862 528589535
393643820 722033174
395286249 54544897
397780867 179400330
398598344 407740762
399420177 21017511
399679686 87617980
403349931 619702465
406621847 96232874
409296292 749939090
409716255 268508697
412565869 917330961
414805237 692661869
422457443 638445077
424366842 540305001
427489641 745001
429550160 686445462
430069127 889328528
434021189 229610354
434383882 793773299
436709230 26670753
439224452 937031797
442442289 751899621
442948294 626604820
446025675 180784656
446661384 228012748
447860953 61816108
449027356 545219928
449772103 377940068
451574785 354838234
454161093 971507930
457565928 964573761
457661357 907486249
458678590 692236241
459293734 86521792
464597768 244129478
472268280 106384420
474571869 168099097
474605331 868517761
480672046 709440304
483420167 378643472
486167534 635428875
486962706 322004219
487199178 794400407
489841907 625238839
490542846 363875083
493819401 745843793
494384690 302216359
501665787 269045759
506117354 92592354
508430034 139111797
509341721 429449677
511527905 936434439
519627525 954588487
519678977 428557284
522214249 570400992
525977122 637796771
526428267 840219601
535063943 305643206
540324138 951034210
540679510 888951579
542543429 738456312
559491732 339611283
563107928 401125016
565834740 719848036
567512010 199458937
568817058 562284061
569928422 802884706
571830559 559846560
572008431 59113914
576788461 690359830
577070587 919780146
577224815 26793978
581876708 772825114
582212678 105945186
585402846 991278318
585601451 7173762
589214446 799697049
592795990 945548691
594460592 160110340
602414833 548169467
604446535 353847368
606401479 310203914
607683011 43607586
608862344 389820847
611324602 763780338
613262087 73117708
614011430 193036133
619279377 571621529
620499416 781393920
621437077 72939550
621760348 270725728
621832424 127601991
621975573 931510686
625488779 450418360
626136802 124042806
626877686 413855974
631593120 231268631
631685433 152035770
635069200 407280582
638177358 313505982
638990242 736240419
640790707 931884616
642931606 761257179
643903862 72999456
644987450 954088935
645161820 993370815
645657693 333961154
647610629 645883771
649983348 193779796
651500502 897287902
651587120 998571559
659801626 473336846
665852337 235905214
669608783 300488795
670048379 891822757
671658679 201160063
674202224 193040390
676488217 959019095
678427476 339890403
683393056 491070156
685654022 492204748
687162648 693950238
687441272 407344126
687607521 803062712
688635309 846960748
689422427 93933149
694246206 710291863
699849975 610578400
700858510 125440796
701003849 469364473
704064915 584114629
704643976 230119477
706171579 631078125
707964400 343744545
709291771 142929280
712281428 240095212
717075922 111810322
718303945 365452104
718452545 524338506
723293328 633504870
725518256 512126457
725531667 346839217
735353177 105419126
741701214 422694635
744144214 34511411
746183202 933257199
746299485 396424040
747673419 645564473
749583592 326819874
750912761 337188023
751996037 109099331
754221743 183901000
754395554 617390552
755816668 644950265
756265553 214741098
760015145 341792853
760456370 107989065
762310844 552055565
762392943 282658472
764337157 760383117
766651096 627027570
767216861 939453294
768311981 993257028
771890558 8858551
774987999 137961395
776093139 562262854
781158353 241947640
783006947 684196611
787258084 592830393
789579406 952583601
789806525 681826762
789939272 310362107
790796311 930269466
792259034 98956232
793154258 905579049
793840567 909977599
794363466 108406504
798001800 630444149
800163092 829335956
802530837 583952424
802773470 721423030
805029554 575478041
806804709 754980199
806889472 32108293
808594438 563163022
827320739 616007820
835880420 951667107
835965018 19000624
836109401 92850882
840442481 316815042
840957406 899509245
845642588 461162442
849262642 380889326
849319881 988400130
849439121 844983163
850363193 315698340
853427308 978885190
858074865 311549644
859565474 387389921
860017224 790866118
861058869 637305524
861532802 92533265
865784742 42433563
868116969 437983459
877871064 375807732
880717775 705320965
881684597 628819251
885951129 321978577
886136998 320953196
886649093 315241290
891216002 116374630
892151531 922183928
896692277 459826665
898272029 326992633
898627743 90681281
901158671 725109177
901337285 426086251
901339022 455280010
901724920 489920592
902221955 154493773
902530446 63333029
902730098 212774225
904372971 700231903
905238563 570356187
907740680 466742244
911899819 856936135
912808285 738633599
919405778 101032453
919543759 125111826
919974913 136087585
920435160 58644039
921910678 111937839
923948758 145486021
925022664 14754987
931064806 208297068
935067252 932122376
935833703 179777465
937546443 48511234
940394036 893169538
944748625 691043505
947951189 34439624
949659150 571626751
953868177 308652031
954815939 322803265
956143772 63739689
956976079 37405495
961897744 358471986
964436307 916118491
969127927 262568366
973118815 270346618
974012133 101545091
975345833 894720874
976731217 349528223
978731791 967942158
979056292 772358102
989164690 220016597
990013768 635594633
995509601 277732002
996131884 206045570
996806736 298140613
996974342 125830225
999623087 358805164
